457	985826198
458	986346829
459	986868754
460	987011314
461	987687148
462	988779597
463	988953186
464	988960887
465	989957899
466	990489874
467	990995250
468	990995249
469	991291156
470	991760908
471	993210511
472	993304641
473	993386045
474	993732498
475	994800936
476	994946944
477	995113343
478	995540253
479	995650255
480	995687884
481	995688098
482	996094156
483	996525445
484	997117399
485	997163438
486	997636725
487	997831332
488	997956785
489	998098034
490	999434914
491	1000003147
492	1000541473
495	1000588865
496	1000834764
497	1001505562
498	1001630456
499	1001638927
500	1001841355
501	1001933685
502	1002669419
503	1002863170
504	1002928118
505	1002954037
506	1003038888
507	1004170304
508	1004845246
509	1005288132
510	1005614687
511	1005944375
512	1005957508
513	1007065953
514	1007221538
515	1007293333
516	1007671408
517	1009274215
518	1009949963
519	1010604424
520	1011066776
521	1011157237
522	1011235352
523	1011438312
524	1011485846
525	1011777912
526	1011886780
527	1012195450
528	1012317184
529	1012720616
530	1013027847
531	1013309424
532	1015421376
533	1015450071
534	1015604600
535	1015628574
536	1015915927
537	1016251379
538	1016683093
539	1016777570
540	1017750494
541	1017961762
542	1018062851
543	1018642463
544	1019861256
545	1020031634
546	1020313297
547	1020315323
548	1020313899
549	1020327007
550	1020434139
551	1021096184
552	1021169239
553	1021167748
554	1021170251
555	1021170948
556	1021172267
1005	69159307
1007	88828896
1008	66504795
1009	33137088
1010	0124761508
1012	30440077
1014	51335210
1020	344484627
1021	344484628
1022	344577511
1023	345090373
1024	345759332
1025	346074306
1026	342319845
1027	344128750
1028	344128749
1029	344669946
1030	339543646
1031	345643862
1032	346913411
1033	348533437
1035	349894543
1036	350021467
1037	351073055
1038	351682273
1039	352094751
1040	352154163
1041	352622797
1042	353160662
1043	353908823
1044	354323832
1045	355901229
1046	356614615
1047	357741951
1048	357776470
1049	358323350
1050	358339900
1051	358439935
1052	358992985
1053	359758016
1054	359754974
1055	360498992
1056	360544243
1057	360582876
1058	360715560
1059	361526605
1060	361551371
1061	361677715
1062	361681949
1063	361685346
1064	361685444
1065	361692201
1066	362069241
1067	362307760
1068	362318158
1069	362317453
1070	362332468
1071	362477472
1072	362502842
1073	362611458
1074	363531903
1075	363761409
1077	364167915
1078	364747807
1079	364758626
1080	364878757
1081	364915265
1082	364914811
1083	364924009
1084	364972572
1085	365114500
1086	365186408
1087	365331236
1088	365837936
1089	365862437
1090	365878371
1091	366285859
1092	366306729
1093	366351279
1094	366574475
1095	366581064
1096	368560504
1097	369810476
1098	370617581
1099	370825620
1100	371776671
1101	371843247
1102	372131152
1103	372281530
1104	372529657
1105	372580131
1106	372858317
1107	373045507
1108	373046464
1109	373101468
1110	373434592
1111	373555813
1112	373593121
1113	373642938
1114	374243309
1115	374258559
1116	374299822
1117	374342948
1118	374429379
1119	374446229
1120	374560379
1121	373828702
1122	375753474
1123	375922520
1124	376162300
1125	376949946
1126	378129842
1127	378456471
1128	379216688
1129	379223397
1130	379651290
1131	379700482
1132	379767779
1133	380028619
1134	375292347
1135	381100751
1136	381151844
1137	381287922
1138	381340107
1139	381891857
1140	382186181
1141	382463996
1142	383492002
1143	383707951
1144	383863552
1145	385836486
1146	387606125
1147	387806204
1148	388809667
1149	392226541
1150	392459101
1151	400064474
1152	400250261
1153	400329483
1154	400329482
1155	400855521
1156	400942902
1157	401096169
1158	401174269
1159	403506138
1160	405318904
1161	406771434
1162	407389680
1163	407999381
1164	408351178
1165	409564483
1166	409642147
1167	412690959
1168	412968934
1169	413160731
1170	414153102
1171	414240670
1172	414247763
1174	418878334
1175	419237730
1176	419251487
1177	419358354
1178	419670617
1179	419676134
1180	419676398
1181	419675013
1182	419795708
1183	419896149
1184	420399843
1185	420644082
1186	420725717
1187	420765890
1188	420831681
1189	420848760
1190	421302551
1191	422628545
1192	422861173
1193	422893153
1194	422966231
1195	423140565
1196	423276109
1197	423394688
1198	423421542
1199	423469470
1200	423755763
1201	423837419
1202	424977893
1203	425238587
1204	426988148
1205	428127890
1206	428591750
1207	429378387
1208	429606778
1209	431336078
1210	431370852
1211	431387695
1212	432936787
1215	433845294
1216	433937951
1217	434473206
1218	434518109
1219	434633190
1220	435046892
1221	435190060
1222	435184827
1223	435343263
1224	435407087
1225	435998648
1226	436015831
1227	436047590
1228	436474835
1229	436863420
1230	436863419
1231	437102877
1232	437659463
1233	437843919
1234	438881833
1235	439015098
1236	439306282
1237	439762947
1238	439969377
1239	440052178
1240	440054395
1241	440052023
1242	440179482
1243	440199861
1244	440571796
1245	440635391
1246	440699617
1247	440718931
1248	440779135
1249	441002782
1250	441202927
1251	441397062
1252	441454900
1253	441575529
1254	441985426
1255	442304523
1256	442379945
1257	442846396
1258	442879977
1259	442989506
1260	443565917
1261	444034704
1262	444583307
1263	445146698
1264	445174400
1265	445691939
1266	445880278
1267	445985806
1268	445986750
1269	445986749
1270	445986751
1271	446765528
1272	446892265
1273	446969564
1274	447158234
1275	447391148
1276	447454570
1277	447830187
1278	460266891
1279	460297906
1280	460079038
1281	460073378
1282	461592867
1283	461426067
1284	460941074
1285	461653621
1286	461283522
1287	449352529
1288	462234232
1289	462625707
1290	462787902
1291	463200182
1292	464395982
1293	464592164
1294	464590585
1295	464763470
1296	464759889
1297	464962879
1298	464984300
1299	465265824
1300	465643539
1301	465666486
1302	465982314
1303	466024901
1304	466397798
1305	466619057
1306	466624954
1307	466847084
1308	467964868
1309	468141995
1310	468181768
1311	469358370
1312	469358372
1313	469860149
1314	469951973
1315	470005695
1316	470032973
1317	470412012
1318	470403598
1319	471288869
1320	471364923
1321	471382545
1322	471467271
1323	471465865
1324	472185094
1325	472185095
1326	472371995
1327	472417084
1328	472491182
1329	473345202
1330	473542453
1331	473656100
1332	474102690
1333	474743665
1334	475841167
1335	476387256
1336	476405860
1337	476594019
1338	476860940
1339	477164343
1340	477174457
1341	477612323
1342	477714715
1343	477993703
1344	478815784
1345	479169077
1346	479743107
1347	480074059
1348	480326740
1349	482785830
1350	481916670
1351	482789657
1352	483444117
1353	483487964
1354	482635724
1355	481466511
1356	484165958
1357	484180987
1358	484502035
1359	484720303
1360	484954830
1361	486281761
1362	487573415
1363	487668462
1364	487685224
1365	487685226
1366	487685225
1367	487925384
1368	488162727
1369	488259691
1370	488350881
1371	488464445
1372	488989134
1373	489262428
1374	489273179
1375	489659247
1376	489671713
1377	490486631
1378	491341493
1379	491455530
1380	491626083
1381	491709173
1382	492193701
1383	492480500
1384	492558227
1385	492948181
1386	492970136
1387	493000814
1388	493150899
1389	494161828
1390	494170169
1391	494802925
1392	495049411
1393	495052221
1394	495146369
1395	495149102
1396	495414041
1397	495434706
1398	495650549
1399	495653063
1400	495652484
1401	495908189
1402	496095171
1403	496792766
1404	496861017
1405	497125411
1406	497165837
1407	497355169
1408	497429880
1409	498115466
1410	498181883
1411	498202252
1412	498392776
1413	498447735
1414	498461564
1415	498508164
1416	498735205
1417	498816209
1418	499135447
1419	499340058
1420	499729640
1421	499774989
1422	499768894
1423	500145883
1424	500226428
1425	500231784
1426	500309765
1427	500438186
1428	500453702
1429	500752927
1430	500793028
1431	500892065
1432	500950979
1433	501178491
1434	501705490
1435	501735463
1436	502923446
1437	503089956
1438	503127558
1439	503818159
1440	504374843
1441	505631331
1442	505698580
1443	505718418
1444	505849885
1445	506005150
1446	508564789
1447	509431469
1448	510695715
1449	510896994
1450	510900334
1451	512923932
1452	512927556
1453	513041871
1454	513760952
1455	514032563
1456	514103411
1457	514162499
1458	515124313
1459	515364135
1460	515663330
1461	516331758
1462	516385613
1463	516394813
1464	516482363
1465	516482365
1466	516796168
1467	517803159
1468	517894949
1469	518189472
1470	518586025
1471	518840696
1472	519336908
1473	519487240
1474	519487239
1475	520863707
1476	522274727
1477	523173920
1478	523173921
1479	523271233
1480	523449225
1481	523449224
1482	523619896
1483	524093629
1484	524273941
1485	524287736
1486	524322844
1487	524394877
1488	524479648
1489	524501026
1490	524535411
1491	524528967
1492	524671524
1493	524672611
1494	525303842
1495	525489366
1496	525489813
1497	525510824
1498	525516692
1499	525529013
1500	525558275
1501	526540214
1502	527081664
1503	527188369
1504	527234700
1505	527659030
1506	528192723
1507	528267801
1508	528948949
1509	528948951
1510	529229547
1511	529851241
1512	530083396
1513	530652418
1514	530714299
1515	530730380
1516	531091601
1517	532130877
1518	532301751
1519	532547696
1520	532653223
1521	532766548
1522	532949257
1523	534157502
1524	534206944
1525	535637035
1526	536253467
1527	537085968
1528	537369086
1529	538040290
1530	538311091
1531	538408676
1532	539262329
1533	539466656
1534	540239694
1535	542259634
1536	543011703
1537	544364277
1538	544364276
1539	545307033
1540	545348044
1541	545896647
1542	546017106
1543	546036743
1544	546249623
1545	546582714
1546	546729011
1547	546859967
1548	546946188
1549	547030556
1550	547386026
1551	547457609
1552	547649475
1553	547715792
1554	547829441
1555	547849849
1556	547889108
1557	547888732
1558	547895882
1559	548024139
1560	548242115
1561	548290539
1562	548325095
1563	548498771
1564	548826382
1565	548839931
1566	549480300
1567	549950027
1568	549944929
1569	550420759
1570	550855094
1571	551132634
1572	551469626
1573	552459955
1574	552601763
1575	553666531
1576	554148571
1577	554322310
1578	554442682
1579	554447001
1580	554445105
1581	554492085
1582	554937300
1583	555017296
1584	555807501
1585	555808123
1586	555804845
1587	555813077
1588	555930092
1589	556578212
1590	556927124
1591	557101477
1592	560412279
1593	565338528
1594	566670361
1595	566978471
1596	567306220
1597	567361529
1598	570952986
1599	571380835
1600	573355538
1601	573383702
1602	573387711
1603	574383695
1604	574391622
1605	574522578
1606	575431080
1607	575488507
1608	575516062
1609	575556028
1610	575650967
1611	575700981
1612	576851898
1613	576876452
1614	577621769
1615	578016839
1616	578414888
1617	578769648
1618	579107390
1619	579105408
1620	579118600
1621	579580724
1622	580009898
1623	581657963
1624	582069166
1625	582949419
1626	583153560
1627	583276496
1628	586361863
1629	586574613
1630	586971304
1631	587239021
1632	587239020
1633	587560360
1634	587722459
1635	587753642
1636	589073658
1637	589214961
1638	589226721
1639	589533252
1640	589879549
1641	590110489
1642	590381244
1643	591097067
1644	591483768
1645	591537491
1646	591607061
1647	591669950
1648	591796689
1649	592495000
1650	592670172
1651	592782674
1652	592831151
1653	592884461
1655	593271316
1656	593335900
1657	593392820
1658	593398709
1659	593479747
1660	593576568
1661	593822310
1662	594082069
1663	594110977
1664	595046668
1667	595385891
1668	595415182
1669	595427327
1670	595440704
1671	595736316
1672	595945752
1673	596976769
1674	596993855
1675	597230484
1676	597417215
1677	597734806
1678	597850689
1679	598016574
1680	598152103
1682	598299698
1683	598414096
1684	598689399
1685	599025715
1686	599544052
1687	599541985
1688	599754385
1689	599842762
1690	599851805
1691	599859550
1692	600250471
1694	600870414
1695	600974772
1696	601026333
1697	601227339
1698	601442942
1699	601552611
1700	601773163
1701	601900125
1702	602724587
1703	603136107
1705	602158126
1706	603531578
1707	604209685
1708	604381638
1709	604481517
1710	604566507
1711	604765819
1712	604928684
1713	605003794
1715	605250996
1716	605360152
1717	605679905
1718	606299931
1719	606569354
1720	606641880
1721	606931570
1722	607469819
1724	607592686
1725	607746463
1726	607929459
1727	608071496
1728	608348253
1729	609202285
1730	609459509
1731	609468726
1732	609494624
1733	609523157
1734	609814610
1735	609826067
1736	609851458
1741	610995312
1742	611492445
1745	611740992
1746	611740991
1747	611939817
1749	612269188
1750	612768980
1753	612927989
1754	613217756
1755	613278288
1756	613630061
1757	613738636
1758	613994153
1759	614831800
1760	615295839
1761	615399957
1762	615416125
1763	615652886
1764	615738110
1765	615850374
1766	615850373
1767	615850372
1768	615850375
1769	616504826
1770	616828508
1771	617603080
1772	617901911
1773	617964612
1774	618320808
1775	618321552
1776	618832788
1777	618869950
1778	619087364
1779	619107582
1782	619800818
1783	620075396
1784	620167654
1785	620166883
1786	620534089
1787	620926021
1788	620970544
1789	621210240
1790	621736996
1791	621748100
1792	621881675
1793	621913448
1794	621966265
1795	622027308
1796	622211650
1797	622333762
1798	622544997
1799	622625975
1800	622668953
1801	623004572
1802	623279816
1803	624016908
1804	624416412
1805	624668704
1806	624755632
1807	624779925
1808	624931222
1809	625037384
1810	626247049
1811	626367184
1812	626581704
1813	626815398
1814	626967247
1815	627538939
1816	627619623
1817	628015389
1818	628012229
1819	628064501
1820	628154125
1821	628546503
1822	628778432
1823	628830045
1824	628965944
1825	629439267
1826	630082329
1827	630120434
1828	630134018
1829	630164180
1830	630171276
1831	630302840
1832	630407927
1833	630650935
1834	631068298
1835	631355069
1836	631362919
1837	631764286
1838	631808801
1839	631872919
1840	631999241
1841	632337498
1842	632712441
1843	632768860
1844	633251250
1845	633449516
1846	633481890
1847	634059544
1848	634770038
1849	634834628
1850	634854106
1851	635056830
1852	635145518
1853	635702578
1854	635776899
1855	636364266
1856	636460580
1857	636594632
1858	637023025
1859	637602253
1860	637644783
1861	637864581
1862	638029467
1863	638135677
1864	638207203
1865	638206717
1866	638329599
1867	638865641
1868	639302072
1869	639320053
1870	639408664
1871	639429415
1872	639474104
1873	639616336
1874	639786607
1875	639789288
1876	640399303
1877	640465675
1878	640486081
1879	640843938
1880	641424141
1881	641700419
1882	641820444
1883	641859369
1884	642077613
1887	642136002
1888	642371636
1889	642369770
1890	642679792
1892	643125645
1893	643140073
1894	643353001
1895	643424192
1896	643423833
1897	643483148
1898	644085441
1899	644096338
1900	644189575
1901	644443096
1902	644536685
1904	644742417
1905	645662377
1906	646271779
1907	646281651
1908	646406901
1909	646867192
1910	646986361
1911	647032957
1912	647127534
1913	647383123
1914	647477683
1915	647577943
1916	647891426
1918	648412082
1919	648531382
1920	648561928
1921	648630449
1922	648960096
1923	649049804
1924	649264879
1925	649817241
1926	650065747
1927	650991361
1928	652460386
1929	652909853
1938	653509430
1939	653877509
1940	654150820
1941	654311810
1942	654865405
1943	655427719
1944	655968947
1945	656532191
1946	656755532
1947	657000842
1948	657053934
1949	657274577
1950	657436419
1951	657644059
1952	657830385
1953	657848123
1954	658197124
1955	658753773
1956	658879436
1957	659332124
1962	659809987
1963	660013239
1964	660026606
1965	660281331
1966	660282992
1967	660434615
1968	660561439
1969	660616299
1970	660750187
1971	661748314
1972	662051714
1973	662615591
1974	663089668
1976	660923477
1977	663690104
1978	586889035
1980	664269776
1981	664476743
1982	664562440
1984	665272469
1985	665352772
1986	665488962
1987	665727873
1988	665305007
1989	665269895
1990	665352771
1992	666070805
1993	666769000
1994	666984828
1995	666161014
1996	667333647
1997	667845046
1998	668054742
1999	668569441
2000	668751091
2001	668889682
2002	668941498
2003	669028071
2004	669192498
2005	670142932
2006	670371889
2007	670757365
2008	670794214
2009	670801378
2010	671082442
2011	671146304
2012	671441296
2013	671561630
2014	671568960
2015	671673986
2016	671669851
2017	671764232
2018	671568959
2019	671936224
2020	672364287
2021	672455616
2022	672635473
2023	672644224
2024	672909182
2025	671922591
2026	672667555
2027	672938422
2028	673302038
2029	673654646
2030	673867978
2031	673938357
2032	673937526
2033	674111653
2035	674376685
2036	674495297
2037	674881421
2038	675108728
2039	675128434
2040	674150074
2041	674464080
2042	675098587
2043	675212470
2045	675460212
2046	675578760
2047	676063186
2048	675339799
2049	676430955
2050	676649520
2051	677026762
2052	677215502
2053	677240598
2054	677287549
2055	677664254
2056	678100900
2057	678134655
2058	678277624
2059	678584045
2060	678737512
2061	678789435
2062	679113443
2063	679113444
2064	679488929
2065	679505094
2066	676656594
2067	678804826
2069	679819748
2070	679865805
2071	679876706
2072	680265888
2073	680265409
2074	680352101
2075	680442908
2076	680130600
2077	680277988
2078	681449481
2079	681454268
2080	681480145
2081	681494003
2082	681560048
2083	681593823
2084	681792339
2085	681814256
2086	681512213
2087	678146286
2088	681935877
2089	682004448
2090	682080120
2091	682357927
2092	682375131
2093	682691039
2094	682755818
2095	682267559
2096	683020389
2097	683318548
2098	683369869
2099	683766985
2100	684100771
2101	684104588
2102	684199384
2103	684489787
2104	684608512
2106	685081784
2107	685355734
2108	685598393
2109	686242441
2110	686605369
2111	686842757
2112	684286586
2113	683009479
2114	686678190
2115	687071572
2116	688406157
2117	688437679
2118	688602299
2119	688807959
2120	688938864
2121	688973157
2122	689051824
2123	689108918
2124	688095774
2125	687631524
2126	688562766
2127	689672569
2128	690941822
2129	691359630
2130	692161683
2131	692602502
2132	692749557
2133	692774544
2134	692888517
2135	689198751
2136	693903849
2137	693910666
2138	693927564
2139	694144806
2140	692273808
2141	692158799
2142	692911257
2143	694288166
2144	694997199
2145	694997200
2146	695172973
2147	695551445
2148	696455571
2149	696596265
2150	696783601
2151	696689399
2152	695709449
2159	697030198
2160	697040266
2161	697584433
2162	697761564
2163	697828599
2164	697863983
2165	697976265
2166	698030764
2167	698052607
2168	698099450
2169	698228332
2170	698245835
2171	698360471
2172	698485145
2173	698576626
2174	698602849
2175	698698759
2176	698828216
2177	698680978
2178	699007543
2179	699370228
2180	699868896
2181	699970068
2182	700642020
2183	699167862
2184	700741566
2185	701217409
2186	701327175
2187	701544106
2188	701819083
2189	702666716
2190	703069198
2191	703095600
2192	703188358
2193	703498667
2194	703956120
2195	703996132
2196	704029656
2197	704188313
2198	704430417
2199	704779924
2200	704805562
2201	704949921
2202	705162938
2203	705138721
2204	705333416
2205	705395918
2206	705425028
2207	705523266
2208	707800598
2209	700638403
2210	702770593
2211	701675620
2212	701969255
2213	704570374
2214	705339574
2215	706253704
2216	706487684
2217	707145588
2218	707643313
2219	707715856
2220	707864108
2221	707881863
2222	708060126
2223	708204837
2224	708042046
2225	706665431
2226	706887093
2227	708818157
2228	709150154
2229	709354924
2230	709728252
2231	709965547
2232	710023486
2233	710065950
2234	710071391
2235	710244025
2236	710244024
2237	710244023
2238	710243413
2239	710254312
2240	710749720
2241	711834324
2242	712008069
2243	712089254
2244	712085129
2245	712241294
2246	712774635
2247	712797909
2248	713004308
2249	708778799
2250	712203313
2251	710186837
2252	711967573
2253	713627913
2254	714404462
2255	714184347
2256	714876059
2257	714883082
2258	715063683
2259	715210033
2260	716015890
2261	716090424
2262	716205174
2263	716446253
2264	716464984
2265	714589660
2266	715316748
2267	716192918
2268	716281605
2269	715154387
2270	716985826
2271	717334583
2272	717433035
2273	717454295
2274	717727216
2275	717727215
2276	718196063
2277	718336202
2278	718763886
2279	718832894
2280	719393320
2281	719678166
2282	720197278
2283	720752784
2284	720795980
2285	720864124
2286	720899810
2287	720985807
2288	720985808
2289	720985806
2290	720986460
2291	717713337
2292	719289053
2293	720023232
2294	720990701
2295	721461528
2296	721887695
2297	722071092
2298	722080889
2299	722359348
2300	722108487
2301	722750596
2302	723489893
2303	723528384
2304	724366268
2305	724481306
2306	724505292
2307	724505293
2308	724505294
2309	724531942
2310	724580585
2311	724687481
2312	724748085
2313	724834925
2314	723337398
2315	724891114
2316	725643319
2317	725829171
2318	726086129
2319	726142217
2320	726413054
2321	726755498
2322	727019813
2323	727034512
2324	727071479
2325	727098402
2326	727186137
2327	727516914
2328	727535738
2329	727535524
2330	727744306
2331	727747856
2332	728133249
2333	728302138
2334	729249330
2335	729369790
2336	728517057
2337	728520820
2338	729463256
2339	729663575
2340	730533097
2341	730886175
2342	731722559
2343	731958214
2344	731974271
2345	731998020
2346	732031453
2347	732438866
2348	732849984
2349	732871192
2350	732960584
2351	733020440
2352	733221398
2353	733274314
2354	733438614
2355	733990166
2356	734010570
2357	734344344
2358	734916024
2359	735244761
2360	735311977
2361	735461206
2362	736303520
2363	736371055
2364	737199442
2365	737693465
2366	737693464
2367	737845206
2368	737854731
2369	737924179
2370	738596610
2371	738855011
2372	739115137
2373	735764924
2374	736031909
2375	739903042
2376	739923671
2377	740018455
2378	740032060
2379	740163562
2380	740225361
2381	740315715
2382	740368413
2383	740450017
2384	740600111
2385	740704929
2386	736084770
2387	739671159
2388	740097572
2389	740940116
2390	740972508
2391	741360100
2392	741411709
2393	741441109
2394	741787662
2395	741872859
2396	741917679
2397	741936822
2398	742350463
2401	741800733
2402	741839298
2403	742609186
2404	743005938
2405	743214384
2406	743379684
2407	743560245
2408	744032691
2409	744195194
2410	744202017
2411	744201485
2412	744240941
2413	744827620
2414	744888964
2415	744899680
2416	744908709
2417	744950220
2418	744993054
2419	745026570
2420	744227296
2421	743941069
2422	745553991
2423	745592061
2424	746631633
2425	746938560
2426	746959263
2427	746960166
2428	747112199
2429	747453416
2430	747624309
2431	747721641
2432	747810573
2433	748795145
2434	748847294
2435	748858696
2436	748936429
2437	749212059
2438	745890765
2439	745688091
2440	749028288
2441	749673006
2442	750222300
2443	750270399
2444	750591712
2445	749054964
2446	751957059
2447	752303458
2448	752416999
2449	751212115
2450	751060349
2451	749442046
2452	752573691
2453	752077120
2454	752840589
2455	753107153
2456	753154551
2457	753310910
2458	753364067
2459	753386710
2460	753642033
2461	753642032
2462	753896401
2463	754007826
2464	754056310
2465	754275129
2466	754293737
2467	754355395
2468	753314210
2469	754741024
2470	755628257
2471	755660905
2472	755683206
2473	755943918
2474	755950970
2475	756007857
2476	755918378
2477	756152749
2478	756421540
2479	756444071
2480	756501304
2481	756854942
2482	757285996
2483	757450117
2484	757592697
2485	756635723
2486	756856183
2487	756670046
2488	757323201
2489	758078046
2490	758149553
2491	758392625
2492	758543995
2493	758968927
2494	758402202
2495	759303577
2496	759656318
2497	759699644
2498	759753214
2499	759863474
2500	759925118
2501	759971067
2502	760142273
2503	760254675
2504	760368891
2505	760506589
2506	760553937
2507	760625160
2508	760705355
2509	760766314
2510	760811999
2511	759609956
2512	760807996
2513	760958503
2514	760980266
2515	761206145
2516	761266562
2517	761438600
2518	761457299
2519	761478350
2520	761542709
2521	761938932
2522	763186569
2523	763252236
2524	763417223
2525	764011168
2526	764514442
2527	764745398
2531	765427323
2532	766262614
2534	766440952
2535	766479197
2536	766495237
2537	766556532
2538	766650354
2539	766666700
2540	766903303
2541	767055904
2542	767323384
2543	767684680
2544	767700947
2545	767898769
2546	768032821
2547	768058627
2548	768287467
2549	768342443
2550	768349747
2551	768478167
2552	768830017
2553	769382409
2554	769655882
2555	769709676
2556	769747426
2557	770236342
2558	770267684
2559	770356422
2560	770469196
2562	770550253
2563	770646936
2564	770724421
2565	770824700
2566	771132142
2567	771484505
2568	771617415
2569	771631938
2570	771701128
2571	771751075
2572	771796623
2573	771884148
2574	771959006
2575	772141079
2576	772260624
2577	772319408
2578	772353051
2579	772302317
2580	772232859
2581	772229330
2582	772167169
2583	772141150
2584	772077466
2585	771223310
2586	772839640
2587	769484269
2588	769246834
2589	769001359
2590	770556118
2591	767250831
2592	772659236
2593	772762437
2594	773092145
2595	773312796
2596	774171767
2597	774315988
2598	774535389
2599	774901480
2600	775292558
2601	775494284
2602	775519939
2603	773032646
2604	773559173
2605	773662049
2606	773988495
2607	774177751
2608	775617827
2609	775760400
2610	776228225
2611	776362342
2612	776379192
2613	776444183
2614	776438509
2615	776525604
2616	776860157
2617	776416170
2618	776973600
2619	777051928
2620	777582406
2621	778475404
2622	778582655
2623	778759760
2624	777327317
2625	778110466
2626	779084035
2627	779331145
2628	779874202
2629	779885298
2630	780003281
2631	780030258
2632	780255224
2633	780641469
2634	780641468
2635	780696810
2636	781365035
2637	781370146
2638	781435518
2639	781369164
2640	780960343
2641	782035819
2642	780840905
2643	780033653
2644	775916325
2645	783460041
2646	783459571
2647	783005485
2648	783072691
2649	783066301
2650	782984548
2653	783601173
2654	783871398
2655	783948209
2656	784412692
2657	784464409
2658	784492407
2659	784692677
2660	785179839
2661	785453634
2662	785692927
2663	785763238
2664	786530365
2665	786647173
2666	786637518
2667	787163716
2668	787166575
2669	787162653
2670	787491847
2671	787787024
2672	787867750
2673	787871723
2674	788306781
2675	788612757
2676	788617200
2677	788666452
2678	788831728
2679	789050705
2680	789154097
2681	789228852
2682	789319298
2683	789606235
2684	789800091
2685	790182878
2686	790298622
2687	790330212
2688	790907352
2689	790910672
2690	791027989
2691	791098526
2692	791164770
2693	791568641
2694	792097884
2695	792469427
2696	792471128
2697	792618887
2698	792665368
2699	792717632
2700	792777196
2701	793056300
2702	793077505
2703	793107540
2704	793440671
2705	794144069
2706	794309364
2707	794326036
2708	794733872
2709	794743798
2710	794840793
2711	795036574
2712	795257585
2713	795330785
2714	795675091
2715	795816859
2716	796124683
2717	796138853
2718	796292729
2719	796554519
2720	796808385
2721	797399606
2722	797553531
2723	797548347
2724	797595355
2725	797606663
2726	797653227
2727	797901800
2728	798433287
2729	798464375
2730	798489138
2731	798564484
2732	798875341
2733	798961638
2734	798962679
2735	799182453
2736	799177630
2737	799330121
2738	799421138
2739	799421731
2740	799542267
2741	799739769
2742	799878699
2743	799929154
2744	799956089
2745	799981253
2746	799999052
2747	800433992
2748	800449888
2749	800478275
2750	800647825
2751	800775830
2752	801231190
2753	801235824
2754	801698237
2755	801771571
2756	801825354
2757	802032304
2758	802034666
2759	802107518
2760	802119393
2761	802126874
2762	802455092
2763	802755600
2764	803322263
2765	803489383
2766	803641770
2767	803828517
2768	804237072
2769	804697882
2770	804961247
2771	804961248
2772	805083538
2773	805392158
2774	805565039
2775	806015851
2776	806015852
2777	806043510
2778	806071074
2780	806689228
2781	806881362
2782	807000318
2783	807000445
2784	807036765
2785	807274309
2786	807364249
2787	807368997
2788	807431426
2789	807493255
2790	807630505
2791	808057446
2792	808131003
2793	808270311
2794	808338037
2795	808476761
2796	808568071
2797	808568072
2798	808602840
2799	809331610
2800	809334800
2801	809470349
2802	809476806
2803	809933654
2804	809947853
2805	810014865
2806	810289302
2807	810379896
2808	811054383
2809	811120680
2810	811163340
2811	811272806
2812	811431619
2813	811625179
2814	811693600
2815	811730403
2816	811727497
2817	812166378
2818	812168583
2819	812177969
2820	812375262
2821	812545980
2822	812560437
2823	812666783
2824	812815615
2825	813015361
2826	813088883
2827	813107381
2828	813541262
2829	813741448
2830	813791709
2831	814571025
2832	814615631
2833	814764560
2834	814846200
2835	814919264
2836	814988913
2837	815040471
2838	815241081
2839	815405325
2840	815801820
2841	815919002
2842	815978245
2843	816119278
2844	816369695
2845	816450690
2846	816558437
2847	816891225
2848	817157695
2849	817203069
2850	817269329
2851	817280777
2852	817292884
2853	818319491
2854	818479918
2855	818503965
2856	819010063
2857	820207524
2858	820208302
2859	820258457
2860	820296923
2861	820473555
2862	820465120
2863	820500657
2864	820561254
2865	820661977
2866	820661978
2867	820683826
2868	820764730
2869	820889673
2870	821032085
2871	821147234
2872	821171688
2873	821427133
2874	821497011
2875	821512410
2876	821916436
2877	822134529
2878	822248444
2879	822418405
2880	822509246
2881	822532455
2882	822630014
2883	822757652
2884	822986765
2885	823109518
2886	823261383
2887	823416457
2888	823687418
2889	823923635
2890	824215289
2891	824207380
2892	824295117
2893	824596777
2894	824669186
2895	824891029
2896	825108829
2897	825199045
2898	825203696
2899	825239586
2900	825523526
2901	825564372
2902	826162362
2903	826196901
2904	826371574
2905	826388124
2906	826392246
2907	826584472
2908	826653446
2909	826846655
2910	827295069
2911	827346832
2912	827380978
2913	827525401
2914	827751381
2915	827876011
2916	828294072
2917	828437370
2918	828578772
2919	828787828
2920	828834597
2921	829411397
2922	829418507
2923	829500162
2924	829676976
2926	829990020
2927	830058250
2928	830903382
2929	831265213
2930	831314777
2931	831519020
2932	831585644
2933	831746977
2934	831770927
2935	832057197
2936	832170319
2937	832323554
2938	832393236
2939	832513403
2940	832660997
2941	832674843
2942	832883684
2943	833106548
2944	833299717
2945	833420408
2946	833795691
2947	833849782
2948	833873623
2949	833887846
2950	833980847
2951	834307385
2952	835003116
2953	835195754
2954	835284285
2955	835864871
2956	835956906
2957	836241039
2958	836297696
2959	836754016
2960	836773004
2961	836785347
2962	836802859
2963	836869064
2964	837159988
2965	837339457
2966	837435529
2967	837664904
2968	837712554
2969	837973684
2970	837975235
2971	837981582
2972	838043774
2973	838300389
2974	839084060
2975	839400936
2976	839530120
2977	840363099
2978	840414928
2979	840441879
2980	840474694
2981	840622988
2982	840804627
2983	840829838
2984	840853497
2985	841393133
2986	841484975
2987	841951168
2988	842153870
2989	842191156
2990	842281242
2991	842287189
2992	842662911
2993	842669129
2994	842708576
2995	842771809
2996	843111172
2997	843315267
2998	843551943
2999	843729900
3000	844249742
3001	844345921
3002	844860052
3003	845312674
3004	845773149
3005	845834309
3006	845914942
3007	846645087
3008	846715477
3009	847055048
3010	847081144
3011	847125809
3012	847279267
3013	847314486
3014	847487828
3015	847613383
3016	848139576
3017	848356957
3018	848477902
3019	848477901
3020	848521481
3021	848630097
3022	848677520
3023	849046226
3024	849092005
3025	849100106
3026	849414684
3027	849481660
3028	849709045
3029	849707622
3030	850208023
3031	850213833
3032	850396811
3033	851189232
3034	851509007
3035	851808582
3036	852078774
3037	852087753
3038	852260386
3039	852297584
3040	852785925
3041	852936598
3042	853006354
3043	853133798
3044	853263279
3045	853399926
3046	853546546
3047	853627880
3048	853807999
3049	854033002
3050	854023983
3051	854109143
3052	854157158
3053	854185827
3054	854264607
3055	854286917
3056	854302790
3057	854300198
3058	854420864
3059	854631171
3060	854665847
3061	854878244
3062	854883607
3063	855165082
3064	855675444
3065	855750839
3066	856085632
3067	856591346
3068	856631931
3069	856651443
3070	856727231
3071	856748776
3072	856751281
3073	856912760
3074	856968540
3075	857098580
3076	857102149
3077	857476833
3078	857747029
3079	857833179
3080	857835217
3081	857987108
3082	858015198
3083	858133069
3084	858130632
3085	858188928
3086	858197613
3087	858355795
3088	858615011
3089	858938464
3090	859046035
3091	859202414
3092	859283555
3093	859399498
3094	859587751
3095	859984506
3096	860225804
3097	860480067
3098	860567073
3099	860597773
3100	860698202
3101	860750483
3102	860862911
3103	860869401
3104	860924797
3105	860952537
3106	861025969
3107	861078913
3108	861217093
3109	861446558
3110	861494803
3111	861984898
3112	862010409
3113	862021832
3114	862388212
3115	862381433
3116	862700964
3117	862719648
3118	862736817
3119	862799008
3120	862869563
3121	863233325
3122	863232286
3123	863763345
3124	864213351
3125	864460268
3126	865339142
3127	866105340
3128	866196720
3129	866459633
3130	866459897
3131	866463158
3132	866457647
3133	866459263
3134	866553337
3135	867022060
3136	867264476
3137	867365224
3138	867391784
3139	867460397
3140	867458638
3141	867692554
3142	867769917
3143	868075944
3144	868307957
3145	869134476
3146	869567227
3147	869603460
3148	869839696
3149	870227835
3150	870379623
3151	871064902
3152	871150147
3153	871791563
3154	872379088
3155	872498283
3156	872492466
3157	872694758
3158	872785817
3159	872853589
3160	872867308
3161	873135291
3162	873244171
3163	873283078
3164	873361229
3165	873497501
3166	873617311
3167	873802769
3168	873920991
3169	874643558
3170	874649939
3171	874758984
3172	874796657
3173	874878913
3174	875056564
3175	875077323
3176	875119350
3177	875187752
3178	875225234
3179	875249688
3180	875249025
3181	875517386
3182	875824697
3183	875920440
3184	876086723
3185	876140705
3186	876313241
3187	876373031
3188	876385363
3189	876643547
3190	876768218
3191	876877429
3192	876916505
3193	877151001
3194	877177979
3195	877302068
3196	877393416
3197	877483311
3198	877645633
3199	878016504
3200	878151823
3201	878191077
3202	878224004
3203	878344714
3204	878439612
3205	878577714
3206	878816249
3207	878872911
3208	878897494
3209	879041692
3210	879077243
3211	879081395
3212	879176303
3213	879493906
3214	879687902
3215	879718756
3216	879738893
3217	879747444
3218	879769802
3219	879838286
3220	880235597
3221	880240917
3222	880253182
3223	880305240
3224	880434013
3225	880571684
3226	880589029
3227	880646157
3228	880780467
3229	881065362
3230	881091991
3231	881543780
3232	881710145
3233	882366723
3234	882381362
3235	882497079
3236	882631785
3237	882735247
3238	882809129
3239	883000129
3240	883006677
3241	883294216
3242	883440896
3243	883481288
3244	883678009
3245	883710106
3246	883715703
3247	884163920
3248	884211973
3249	884234091
3250	884356899
3251	884429665
3252	884482886
3253	884486030
3254	884657253
3255	884768223
3256	884909174
3257	885195271
3258	885570236
3259	886381481
3260	886580234
3261	886580870
3262	886608163
3263	886835982
3264	886963834
3265	887066619
3266	887085856
3267	887126417
3268	887168461
3269	887318973
3270	887329066
3271	887455509
3274	887948634
3275	888040321
3276	888134213
3277	888331138
3278	888363745
3279	888523780
3280	888609657
3281	888830615
3282	888855990
3283	888935911
3284	889042238
3285	889156464
3286	889170779
3287	889192893
3288	889210442
3289	889411703
3290	889422431
3291	889420276
3292	889552082
3293	889810882
3294	889950854
3295	889973102
3296	890220050
3297	890261303
3298	890266941
3299	890563795
3300	890774473
3301	890816170
3302	890845432
3303	890990711
3304	891112002
3305	891173683
3306	891297253
3307	891309402
3308	891311725
3309	891331836
3310	891414440
3311	891598454
3312	891855099
3313	891855777
3314	892770468
3315	893010305
3316	893011680
3317	893533353
3318	893680847
3319	894363167
3320	894401623
3321	894987131
3322	895034464
3323	895139837
3324	895644782
3325	896096141
3326	896194876
3327	896199636
3328	896835625
3329	897069473
3330	897127249
3331	898003202
3332	898385472
3333	898405974
3334	898398975
3335	898398976
3336	898651955
3337	898940178
3338	899325386
3339	899320466
3340	899530370
3341	899536466
3342	900034441
3343	900206036
3344	900442407
3345	901089287
3346	901315837
3347	901525075
3348	901664551
3349	901975008
3350	902328880
3351	902581276
3352	902715747
3353	903115638
3354	903255314
3355	903321621
3356	903363701
3357	903368151
3358	903639732
3359	903768433
3360	903802368
3361	903845684
3362	904143142
3363	904926273
3364	905049807
3365	905350177
3366	905842188
3367	905944558
3368	905977343
3369	906092661
3370	906140678
3371	906526132
3372	906655084
3373	906742235
3374	906877266
3375	906967110
3376	907011339
3377	907585752
3378	907595880
3379	907620294
3380	907798403
3381	907878305
3382	908381861
3383	908458789
3384	908936813
3385	908933066
3386	908931539
3387	908945240
3388	909168049
3389	909238755
3390	909334981
3391	909484991
3392	909620498
3393	909628852
3394	910045065
3395	910229205
3396	910697669
3397	910965228
3398	910996612
3399	911128754
3400	911185828
3401	911216427
3402	911261743
3403	911297934
3404	911447378
3405	911473562
3406	911497826
3407	911542795
3408	911933965
3409	911951714
3410	911951713
3411	911956509
3412	912072921
3413	912170507
3414	912185850
3415	912276406
3416	912511005
3417	912612950
3418	912698257
3419	912738256
3420	912797961
3421	912976352
3422	913058858
3423	913128763
3424	913384714
3425	913407324
3426	913432596
3427	913493761
3428	913673859
3429	913857671
3430	913994970
3431	914022781
3432	914250803
3433	914253827
3434	914308067
3435	914320027
3436	914341358
3437	914554161
3438	914665503
3439	914682589
3440	914716248
3441	914770704
3442	914828049
3443	914953796
3444	915074511
3445	915090089
3446	915421339
3447	915429476
3448	915527723
3449	915526728
3450	915544217
3451	915562082
3452	915667190
3453	915731020
3454	915822922
3455	915829549
3456	915858710
3457	915958590
3458	916021151
3459	916044969
3460	916076581
3461	916149835
3462	916289042
3463	916332226
3464	916349670
3465	916376569
3466	916406274
3467	916419906
3468	916442647
3469	916617267
3470	916637398
3471	916754754
3472	916844787
3473	916966573
3474	917554887
3475	917647787
3476	917705026
3477	917778614
3478	918157204
3479	918689628
3480	918679428
3481	918744487
3482	918845104
3483	918905193
3484	919149217
3485	919190050
3486	919303822
3487	919309108
3488	919324456
3489	919346803
3490	919509756
3491	919855213
3492	919928862
3493	920138250
3494	920190280
3495	920350260
3496	920850001
3497	920869171
3498	920900107
3499	920993965
3500	921043111
3501	921453602
3502	921513636
3503	921567781
3504	921752489
3505	921782249
3506	921845074
3507	921872026
3508	921944369
3509	921973429
3510	922012082
3511	922091489
3512	922339906
3513	922359800
3514	922366573
3515	922644699
3516	922730444
3517	922764598
3518	922782223
3519	922909686
3520	923086783
3521	923129278
3522	923185695
3523	923261199
3524	923257689
3525	923569930
3526	923819975
3527	923890030
3528	924009071
3529	924051927
3530	924457923
3531	924605881
3532	924670927
3533	924882087
3534	924975390
3535	924985838
3536	925011061
3537	925027005
3538	925048825
3539	925414257
3540	925422513
3541	925424581
3542	925442540
3543	925499747
3544	925529996
3545	925587268
3546	925633269
3547	925636797
3548	925876731
3549	926016596
3550	926044480
3551	926312514
3552	926358757
3553	926428943
3554	926531326
3555	926584566
3556	926580668
3557	926726310
3558	926769235
3559	926838379
3560	926910425
3561	927080375
3562	927157369
3563	927267257
3564	927262020
3565	927452888
3566	927457073
3567	927551326
3568	927665612
3569	927708914
3570	927851250
3571	927882032
3572	928086453
3573	928172948
3574	928177775
3575	928224380
3576	928216146
3577	928246017
3578	928425382
3579	928441488
3580	928602947
3581	928800648
3582	928848302
3583	928873162
3584	928923935
3585	929123662
3586	929517314
3587	929611168
3588	929670050
3589	929806595
3590	929799705
3591	929836339
3592	929849517
3593	929851931
3594	929878439
3595	930393016
3596	930449818
3597	930680786
3598	930689080
3599	930792463
3600	930816177
3601	930817524
3602	931040651
3603	931040650
3604	931174215
3605	931208624
3606	931288367
3607	931773864
3608	931618496
3609	932006244
3610	932150848
3611	932220245
3612	932306960
3613	932547498
3614	932610943
3615	932937309
3616	933025144
3617	933076545
3618	933139085
3619	933375292
3620	933433431
3621	933450482
3622	933452038
3623	933724188
3624	933912423
3625	934180012
3626	934257267
3627	934362259
3628	934511824
3629	934521129
3630	934531651
3631	934784647
3632	934847318
3633	935060511
3634	935144595
3635	935144435
3636	935206076
3637	935243610
3638	935249451
3639	935325258
3640	935469283
3641	935556037
3642	935716023
3643	935711929
3644	935928582
3645	935935004
3646	935941020
3647	935944094
3648	935957913
3649	936038928
3650	936167987
3651	936216774
3652	936213705
3653	936295340
3654	936339993
3655	936379228
3656	936619014
3657	936698628
3658	936757259
3659	936808268
3660	936943814
3661	936946249
3662	937050136
3663	937062536
3664	937120475
3665	937154691
3666	937172243
3667	937221664
3668	937602794
3669	937729252
3670	937862402
3671	938051832
3672	938083335
3673	938279048
3674	938469136
3675	938615470
3676	938580699
3677	938933084
3678	939008408
3679	938994161
3680	939137950
3681	939315924
3682	939411345
3683	939659510
3684	939783673
3685	939848915
3686	940002429
3687	940048788
3688	940221103
3689	940287848
3690	940331057
3691	940661693
3692	940727431
3693	940665487
3694	940665486
3695	940947681
3696	941070332
3697	941088466
3698	941953910
3699	942046019
3700	942131005
3701	942124837
3702	942227201
3703	942225818
3704	942285661
3705	942429541
3706	942429542
3707	942474908
3708	942539496
3709	942594328
3710	942751353
3711	942893078
3712	942891744
3713	943112803
3714	943233559
3715	943298995
3716	943338921
3717	943390655
3718	943693572
3719	943878397
3720	944059073
3721	944071987
3722	944157200
3723	944299238
3724	944401583
3725	944569355
3726	944565014
3727	944565013
3728	944594286
3729	944595127
3730	945046453
3731	945129196
3732	945129195
3733	945129197
3734	945301872
3735	945338601
3736	945328250
3737	945622480
3738	945621433
3739	945634135
3740	945833812
3741	945935031
3742	946080489
3743	946176966
3744	946294539
3745	946414143
3746	946431959
3747	946592902
3748	946659991
3749	946723801
3750	946823448
3751	946816341
3752	946878249
3753	946900338
3754	947044462
3755	947106314
3756	947165511
3757	947154625
3758	947169754
3759	947191781
3760	947224524
3761	947755261
3762	947931739
3763	947996536
3764	948064544
3765	948306763
3766	948346060
3767	948378885
3768	948426993
3769	948550354
3770	948620506
3771	948850456
3772	949202179
3773	949569754
3774	949710760
3775	949978372
3776	950019035
3777	950097400
3778	950189365
3779	950181577
3780	950348838
3781	950550503
3782	950690924
3783	950755176
3784	950822564
3785	950967137
3786	951262745
3787	951370140
3788	951494147
3789	952002397
3790	952097004
3791	952205858
3792	952205857
3793	952260220
3794	952649849
3795	952736241
3796	952815699
3797	952957829
3798	952869061
3799	953290760
3800	953564138
3801	953594531
3802	953701172
3803	953919096
3804	954406548
3805	954405666
3806	954429681
3807	954488225
3808	954592098
3809	954625078
3810	954665340
3811	954889292
3812	955283321
3813	955343557
3814	955449616
3815	955474728
3816	955581967
3817	955689600
3818	955697264
3819	955723770
3820	955769487
3821	956106492
3822	956268286
3823	956308371
3824	956511173
3825	956609209
3826	956628757
3827	956647037
3828	956658158
3829	956686638
3830	957905968
3831	958068266
3832	958177407
3833	958194400
3834	958211760
3835	958313376
3836	958606552
3837	958639861
3838	958632256
3839	958675687
3840	958724709
3841	958748903
3842	959415987
3843	959556254
3844	959577165
3845	959898591
3846	959962346
3847	960137629
3848	960237321
3849	960512701
3850	960546219
3851	960729996
3852	960830611
3853	960881458
3854	960894110
3855	961045401
3856	961066744
3857	961178402
3858	961351065
3859	961499302
3860	961841460
3861	961874055
3862	962023801
3863	962083285
3864	962200566
3865	962325194
3866	962402060
3867	962483723
3868	962695740
3869	962784286
3870	962838665
3871	962856022
3872	962890645
3873	962949432
3874	962966024
3875	962997255
3876	963007859
3877	963068840
3878	963111585
3879	963318124
3880	963362133
3881	963662947
3882	963776758
3883	963780789
3884	964059262
3885	964447006
3886	964451760
3887	964494982
3888	964765625
3889	965346275
3890	965380874
3891	965436280
3892	965477422
3893	965531637
3894	965630668
3895	965732736
3896	965753423
3897	965843200
3898	965841548
3899	965905735
3900	966047067
3901	966051118
3902	966162001
3903	966244141
3904	966256943
3905	966320598
3906	966438824
3907	966715857
3908	966762839
3909	966850156
3910	966875855
3911	966945920
3912	966994215
3913	967171899
3914	967299677
3915	967329251
3916	967346596
3917	967370319
3918	967444235
3919	967455442
3920	967722211
3921	967820270
3922	967877245
3923	967886522
3924	967938960
3925	968337318
3926	968475774
3927	968695943
3928	968751838
3929	968778709
3930	968872554
3931	968979163
3932	969009248
3933	969235448
3934	969650977
3935	969853670
3936	970308165
3937	970307028
3938	970361055
3939	970641194
3940	970782021
3941	970937904
3942	971046998
3943	971248752
3944	971225373
3945	971583624
3946	971682973
3947	971793843
3948	971869707
3949	972068749
3950	972122334
3951	972245694
3952	972261490
3953	972279405
3954	972370773
3955	972619879
3956	972623717
3957	972714230
3958	972773238
3959	972889361
3960	973252981
3961	973518431
3962	973579627
3963	973613580
3964	973655624
3965	973732253
3966	973753086
3967	974064950
3968	974249692
3969	974325149
3970	974355872
3971	974411639
3972	974452402
3973	974655605
3974	974755535
3975	974841002
3976	974882605
3977	975183678
3978	975230132
3979	975631100
3980	975660370
3981	975723324
3982	975746024
3983	975753883
3984	975848956
3985	975941465
3986	976123675
3987	976125562
3988	976168493
3989	976221728
3990	976234153
3991	976363441
3992	976371740
3993	976395547
3994	976737395
3995	977033425
3996	977054303
3997	977605883
3998	977691655
3999	977717155
4000	977763212
4001	977958013
4002	978006835
4003	978381484
4004	978635219
4005	978903335
4006	978928505
4007	978966572
4008	979035801
4009	979095416
4010	979711096
4011	979714100
4012	979905483
4013	979995284
4014	980026966
4015	980110275
4016	980117250
4017	980283386
4018	980344264
4019	980352609
4020	980514621
4021	980579056
4022	980724361
4023	980898818
4024	980894204
4025	980996053
4026	981069632
4027	981095739
4028	981375233
4029	981510922
4030	981792895
4031	981850177
4032	981884560
4033	981888442
4034	981957728
4035	982474848
4036	982491981
4037	982731700
4038	982803645
4039	982863707
4040	982880082
4041	982930564
4042	982967585
4043	983111451
4044	983249951
4045	983376367
4046	983492903
4047	983631970
4048	983741185
4049	983783416
4050	983775527
4051	983980296
4052	984013719
4053	984041985
4054	984192808
4055	984225048
4056	984296013
4057	984375046
4058	984460051
4059	984548548
4060	984685536
4061	984739693
4062	984943650
4063	985062015
4064	985166099
4065	985249592
4066	985271051
4067	985414164
4068	985431041
4069	985467922
4070	985505807
4071	985518350
4072	985556217
4073	985778629
4074	985869956
4075	986083758
4076	986149453
4077	986294036
4078	986397485
4079	986512353
4080	986959172
4081	987019247
4082	987323499
4083	987698221
4084	987763387
4085	987968826
4086	988066458
4087	988320645
4088	988695907
4089	988711924
4090	988852417
4091	989059131
4092	989133769
4093	989152771
4094	989184750
4095	989660308
4096	989823142
4097	989905817
4098	989939439
4099	990002979
4100	990110600
4101	990410072
4102	990475961
4103	990544999
4104	990631160
4105	990755038
4106	990754455
4107	990748973
4108	990978207
4109	990994756
4110	991015768
4111	991043860
4112	991095180
4113	991139726
4114	991305267
4115	991413354
4116	991523714
4117	991661838
4118	991706345
4119	991747391
4120	991763121
4121	991858056
4122	991880762
4123	991884725
4124	992056434
4125	992067488
4126	992189192
4127	992244176
4128	992346098
4129	992374502
4130	992561060
4131	992720346
4132	992886389
4133	992937967
4134	992954343
4135	992992932
4136	993425245
4137	993684339
4138	994118346
4139	994184405
4140	994238590
4141	994461644
4142	994582656
4143	994700286
4144	994767135
4145	994790932
4146	995077860
4147	995124069
4148	995259471
4149	995553028
4150	996742273
4151	996809516
4152	996830774
4153	997271096
4154	997353606
4155	997452495
4156	997501062
4157	997537800
4158	997730247
4159	998455038
4160	998759305
4161	998864678
4162	999427667
4163	999426046
4164	999651968
4165	999711633
4166	999775267
4167	999794445
4168	999794444
4169	999789153
4170	1000162699
4171	1000305128
4172	1000412274
4173	1001066906
4174	1001100241
4175	1001140441
4176	1001203086
4177	1001225283
4178	1001518123
4179	1001627858
4180	1002152427
4181	1002314255
4182	1002358224
4183	1002486865
4184	1002584015
4185	1003134591
4186	1003222413
4187	1003224984
4188	1003473075
4189	1003995785
4190	1004079370
4191	1004494541
4192	1004680231
4193	1004693727
4194	1005178663
4195	1005246083
4196	1005309536
4197	1005645861
4198	1005968125
4199	1006166127
4200	1006388512
4201	1006415646
4202	1006605474
4203	1006626652
4204	1006641295
4205	1006721551
4206	1006808590
4207	1006980672
4208	1007075382
4209	1007613180
4210	1007613181
4211	1007691626
4212	1007880907
4213	1007914961
4214	1007925364
4215	1008009426
4216	1008269514
4217	1008509510
4218	1008561440
4219	1009633964
4220	1010582532
4221	1010866757
4222	1010875938
4223	1010886191
4224	1010923257
4225	1011820472
4226	1012058162
4227	1012208954
4228	1012799805
4229	1012952323
4230	1012984094
4231	1013085336
4232	1014544482
4233	1014721950
4234	1014726963
4235	1015603493
4236	1015791457
4237	1016637566
4238	1017737285
4239	1017742044
4240	1018048121
4241	1018235244
4242	1018486979
4243	1018524694
4244	1018569973
4245	1018626072
4246	1018775456
4247	1019304858
4248	1019331270
4249	1019437802
4250	1019773527
4251	1020000825
4252	1019998431
4253	1020055175
4254	1021081552
